
============================================================
Program for calculation of partial differential equations.  
============================================================
(c) Dr. Thomas Ludwig, TU München.
    Thomas A. Zochler, TU München.
    Andreas C. Schmidt, TU München.
============================================================
Berechnungszeit:    19.579233 s 
Berechnungsmethode: Gauss-Seidel
Interlines:         64
Stoerfunktion:      f(x,y)=0
Terminierung:       Anzahl der Iterationen
Anzahl Iterationen: 900
Norm des Fehlers:   1.52986397729e-03
Matrix:
 4.00000000 3.87500000 3.75000000 3.62500000 3.50000000 3.37500000 3.25000000 3.12500000 3.00000000
 3.87500000 0.25258066 0.12487363 0.12061281 0.11645666 0.11230052 0.10816349 0.18002625 2.87500000
 3.75000000 0.12487363 0.00021419 0.00010354 0.00009998 0.00009641 0.00011193 0.07544023 2.75000000
 3.62500000 0.12061281 0.00010354 0.00000000 0.00000000 0.00000000 0.00001821 0.07193120 2.62500000
 3.50000000 0.11645666 0.00009998 0.00000000 0.00000000 0.00000000 0.00001735 0.06850944 2.50000000
 3.37500000 0.11230052 0.00009641 0.00000000 0.00000000 0.00000000 0.00001648 0.06508767 2.37500000
 3.25000000 0.10816349 0.00011193 0.00001821 0.00001735 0.00001648 0.00003124 0.06168048 2.25000000
 3.12500000 0.18002625 0.07544023 0.07193120 0.06850944 0.06508767 0.06168048 0.11529050 2.12500000
 3.00000000 2.87500000 2.75000000 2.62500000 2.50000000 2.37500000 2.25000000 2.12500000 2.00000000
