
============================================================
Program for calculation of partial differential equations.  
============================================================
(c) Dr. Thomas Ludwig, TU München.
    Thomas A. Zochler, TU München.
    Andreas C. Schmidt, TU München.
============================================================
Berechnungszeit:    15.585788 s 
Berechnungsmethode: Gauss-Seidel
Interlines:         64
Stoerfunktion:      f(x,y)=2pi^2*sin(pi*x)sin(pi*y)
Terminierung:       Anzahl der Iterationen
Anzahl Iterationen: 400
Norm des Fehlers:   3.59710078804e-05
Matrix:
 0.00000000 0.00000000 0.00000000 0.00000000 0.00000000 0.00000000 0.00000000 0.00000000 0.00000000
 0.00000000 0.00209205 0.00388199 0.00508093 0.00550635 0.00509348 0.00390517 0.00212233 0.00000000
 0.00000000 0.00388199 0.00720351 0.00942837 0.01021785 0.00945175 0.00724671 0.00393842 0.00000000
 0.00000000 0.00508093 0.00942837 0.01234044 0.01337378 0.01237109 0.00948502 0.00515493 0.00000000
 0.00000000 0.00550635 0.01021785 0.01337378 0.01449368 0.01340705 0.01027931 0.00558664 0.00000000
 0.00000000 0.00509348 0.00945175 0.01237109 0.01340705 0.01240190 0.00950868 0.00516784 0.00000000
 0.00000000 0.00390517 0.00724671 0.00948502 0.01027931 0.00950868 0.00729043 0.00396228 0.00000000
 0.00000000 0.00212233 0.00393842 0.00515493 0.00558664 0.00516784 0.00396228 0.00215350 0.00000000
 0.00000000 0.00000000 0.00000000 0.00000000 0.00000000 0.00000000 0.00000000 0.00000000 0.00000000
