
============================================================
Program for calculation of partial differential equations.  
============================================================
(c) Dr. Thomas Ludwig, TU München.
    Thomas A. Zochler, TU München.
    Andreas C. Schmidt, TU München.
============================================================
Berechnungszeit:    16.317428 s 
Berechnungsmethode: Jacobi
Interlines:         64
Stoerfunktion:      f(x,y)=2pi^2*sin(pi*x)sin(pi*y)
Terminierung:       Anzahl der Iterationen
Anzahl Iterationen: 400
Norm des Fehlers:   1.81175979843e-05
Matrix:
 0.00000000 0.00000000 0.00000000 0.00000000 0.00000000 0.00000000 0.00000000 0.00000000 0.00000000
 0.00000000 0.00106518 0.00196819 0.00257157 0.00278344 0.00257157 0.00196819 0.00106518 0.00000000
 0.00000000 0.00196819 0.00363674 0.00475164 0.00514313 0.00475164 0.00363674 0.00196819 0.00000000
 0.00000000 0.00257157 0.00475164 0.00620831 0.00671983 0.00620831 0.00475164 0.00257157 0.00000000
 0.00000000 0.00278344 0.00514313 0.00671983 0.00727349 0.00671983 0.00514313 0.00278344 0.00000000
 0.00000000 0.00257157 0.00475164 0.00620831 0.00671983 0.00620831 0.00475164 0.00257157 0.00000000
 0.00000000 0.00196819 0.00363674 0.00475164 0.00514313 0.00475164 0.00363674 0.00196819 0.00000000
 0.00000000 0.00106518 0.00196819 0.00257157 0.00278344 0.00257157 0.00196819 0.00106518 0.00000000
 0.00000000 0.00000000 0.00000000 0.00000000 0.00000000 0.00000000 0.00000000 0.00000000 0.00000000
